35.9976172 -79.6357969 1901.430399 0
29.60700614 -95.26309993 6630.42589 0
39.65576111 -77.6951219 6967.564415 0
34.3523631 -81.9929925 5004.152054 0
46.8695908 -114.02829326 30.607633 0
30.38529768 -91.08509818 1970.954838 0
39.3581704 -76.5910239 7.166982 0
47.97194302 -99.02619609 2077.602014 0
41.67155992 -70.30473159 2948.950106 0
32.5711085 -85.4933751 69.737151 0
25.06822526 -77.33920812 3921.813142 0
49.27414674 -123.12360757 7013.166379 0
33.46498918 -112.21383017 3069.940611 0
34.78383444 -77.43811715 251.243289 0
40.64925721 -73.78267765 5610.967165 0
43.01884561 -88.06478703 2133.416278 0
33.01367181 -80.05098654 872.388064 0
41.69091894 -83.59201651 1995.912193 0
32.83449395 -96.92924172 1068.008056 0
49.79826194 -119.49719673 65.173647 0
42.98581174 -89.53412377 2959.823275 0
37.68261929 -122.12773286 2895.625183 0
30.41160536 -86.72784121 1368.26847 0
36.1204209 -83.49233257 652.059361 0
33.93587446 -118.21484687 2028.025443 0
43.23990314 -77.60650246 28.162897 0
19.3832077 -99.1241366 3043.510998 0
29.66083908 -95.33959453 8886.181377 0
26.64013006 -81.96299026 68.821791 0
42.38569456 -71.07716604 3934.778498 0
33.4106128 -93.0719443 989.402781 0
28.3582908 -81.4259383 4083.058495 0
47.17451425 -122.45835456 2988.047752 0
40.6764031 -74.2964193 4023.532481 0
42.41123625 -83.07045343 8911.911829 0
39.13032078 -76.59885891 50.092174 0
32.62313973 -114.81686763 1040.13432 0
35.46141703 -97.40334079 1928.490866 0
19.59805483 -99.16269874 57.594233 0
41.2329882 -95.9381931 912.888089 0
20.63138647 -100.4663002 6220.869292 0
38.07919691 -78.90528255 1842.096628 0
25.78529656 -80.13055348 961.927987 0
39.4780256 -84.4758796 9034.637575 0
35.12001994 -89.93956066 12.701465 0
39.92446267 -75.10715276 2998.817933 0
38.0554026 -97.3450122 1991.842822 0
38.57602176 -90.61585301 2187.131156 0
30.04774132 -95.48388748 773.185405 0
32.18024128 -80.72883442 1033.764339 0
32.42414638 -93.77927701 955.932137 0
39.18002553 -75.50478132 68.976648 0
34.91196463 -79.8015174 2952.516727 0
27.49878663 -97.85687738 1086.047482 0
34.60384785 -98.49161563 985.219368 0
40.22276048 -76.85103131 2933.676261 0
42.2931472 -85.5691529 20.92322 0
40.81224173 -73.85877819 1027.594467 0
40.02061538 -74.85087183 930.208489 0
41.8560151 -87.742497 5.898735 0
41.52865454 -85.07122267 8.105308 0
38.49053294 -121.46158068 3021.841483 0
41.97841292 -87.66842671 28.117198 0
41.55754686 -72.99078252 2048.226535 0
38.3358325 -75.6053777 8.33761 0
39.22901388 -84.58577513 923.513205 0
19.7472092 -88.7114445 11004.418848 0
29.78735152 -94.92551417 188.635274 0
46.67802794 -92.01356615 829.849537 0
20.65722233 -100.39930915 2971.8577 0
41.18643126 -83.42225296 1953.581055 0
35.7679841 -78.6029842 2063.809666 0
29.67538141 -95.28645771 7.682528 0
40.76069 -73.90697 1961.57158 0
40.44621535 -74.3868555 3037.234292 0
40.31784148 -88.13205298 492.21341 0
39.2826914 -76.5882701 1437.076626 0
25.47047033 -80.51226413 3080.606064 0
40.84597625 -73.92407016 1951.687458 0
39.7072687 -86.11457679 1029.133445 0
33.28894499 -111.79807068 1095.320881 0
43.22582841 -79.90921715 4928.294868 0
19.42997457 -99.21073786 907.324389 0
47.68156638 -122.39079225 13.785875 0
39.4562087 -77.9700711 3003.381471 0
40.05252169 -79.89831116 1039.211626 0
40.81904033 -73.23105717 1005.56271 0
41.68570737 -111.84923446 981.657914 0
42.34820215 -83.17394027 3174.042622 0
42.22661893 -84.17141958 841.606454 0
37.26293829 -97.40175275 5059.487498 0
39.1054107 -76.4976238 893.273047 0
32.810848 -96.62101008 1178.11183 0
33.84638593 -117.3303711 941.658761 0
33.51564971 -86.72112808 3.93059 0
39.65834181 -75.09234658 980.901435 0
28.427026 -82.60599221 35.310399 0
37.5426811 -77.3069978 987.390098 0
43.0712735 -87.8842698 82.740339 0
42.58265477 -82.46756961 1006.568802 0
38.93404842 -94.67238703 1765.082616 0
34.5001078 -84.0295789 1016.053089 0
29.63892569 -95.67616154 22.89227 0
25.06196867 -77.31429957 1252.311585 0
33.74661522 -84.41236398 140.158115 0
35.70317844 -88.840818 640.587763 0
33.98677773 -117.89053936 10.157902 0
30.66800579 -96.12979397 1130.264823 0
40.74213153 -73.21000935 5843.759531 0
39.58552434 -84.29611845 2.854897 0
38.4957381 -90.006831 2033.07782 0
34.44393667 -81.92257902 122.928305 0
38.74090037 -77.09754352 2879.499659 0
37.8200936 -92.1249536 960.146916 0
38.94712839 -95.22140556 5022.181094 0
47.1677097 -122.5098135 109.108838 0
37.23869512 -80.39661552 2819.086852 0
45.03412306 -93.37475161 6032.320296 0
42.11751309 -80.05507773 3009.881495 0
41.47075915 -87.39900031 1984.623129 0
45.48224743 -94.41001987 978.712672 0
33.19091832 -96.70027618 18.400291 0
36.7634961 -119.8456447 2.931104 0
42.62954292 -84.61529098 1088.987434 0
43.24949396 -83.79467308 969.649903 0
33.5965324 -90.7745264 3934.801256 0
40.6794493 -73.96600539 1059.345753 0
37.692765 -97.335197 6969.082286 0
33.64560756 -97.36895147 1.816738 0
42.18167043 -88.98928589 141.415016 0
33.42456176 -111.9225668 853.840096 0
38.63269583 -90.23502603 2948.22207 0
42.25578393 -84.53700023 3061.609862 0
36.774963 -81.82862036 1019.239492 0
31.3315198 -89.32992765 0.956542 0
44.6945302 -93.3793548 47.823816 0
38.37892379 -76.46487042 937.068126 0
29.92488525 -90.10062634 5966.895731 0
32.83379156 -96.6607154 35.682112 0
51.12491549 -114.03283444 76.394048 0
35.82037412 -90.71721369 941.731575 0
41.76369364 -87.80346394 33.76871 0
39.31071872 -104.88632122 285.771957 0
50.90100814 -114.0634361 4595.471121 0
41.38064824 -72.07553388 1038.820292 0
34.78175968 -82.39785665 1013.728358 0
42.34266749 -71.08494313 3959.077296 0
41.4924759 -90.5407775 1.428028 0
38.8310736 -90.6799317 42.400746 0
41.42148773 -88.00920816 955.773517 0
36.00193965 -86.54737831 5036.520583 0
42.97641788 -76.18205692 12.087818 0
39.1456713 -84.5831418 955.216326 0
34.97204058 -85.33825627 1127.095289 0
19.34875414 -99.13637278 3909.536492 0
40.21680514 -74.80322558 1070.548573 0
49.267386 -123.069648 903.818185 0
29.6208654 -98.24103562 40.514352 0
28.42694704 -82.60610042 1035.919839 0
33.03876735 -96.58524826 1945.704897 0
40.0206197 -74.85087192 960.234348 0
39.8958024 -75.0446873 26.385593 0
46.56129128 -87.41060866 1035.013916 0
35.13794931 -90.00977397 103.479893 0
19.434 -70.68687 3051.926505 0
38.64972479 -94.32369686 1824.779707 0
34.7511153 -87.6400807 3040.735728 0
39.81781943 -88.9259184 2953.065416 0
41.92499096 -72.6765768 2186.963731 0
42.33434654 -83.48734564 1770.474598 0
39.5809644 -104.8687334 47.250827 0
32.94271412 -96.71555562 2991.611718 0
40.70371981 -73.38446022 955.868922 0
19.6198805 -99.0919677 6019.641478 0
38.14708832 -121.26940135 985.882917 0
19.38179016 -99.24845028 49.981912 0
36.67622882 -121.61119575 1015.565723 0
45.47605153 -73.87160369 992.775005 0
36.03922839 -115.30508042 1000.643679 0
32.22340335 -92.6483955 991.923385 0
37.79480137 -122.24711546 4939.829412 0
36.8546774 -76.2946567 74.329546 0
38.651557 -75.575782 6105.619664 0
37.6250845 -97.3306781 3928.725089 0
29.4535221 -98.58779993 10971.760996 0
19.45280799 -99.09938619 1.189451 0
39.97462949 -75.24854025 3954.573617 0
29.8841244 -90.0914593 954.966568 0
40.78000374 -74.13369642 65.955401 0
37.36545998 -79.23634279 1002.457206 0
32.737898 -88.980268 4018.158832 0
22.17431896 -101.0099094 1156.193556 0
41.61967523 -83.49878696 5807.145551 0
40.00016752 -75.07368861 1047.233721 0
39.67327157 -75.68150858 4944.824856 0
37.21261776 -76.48219286 249.483405 0
38.46899041 -121.39757311 790.13209 0
46.0939247 -91.82347233 13.911992 0
41.20343696 -73.99463651 1963.285915 0
38.21308902 -85.24271502 3271.285958 0
37.3361471 -121.89422342 733.457446 0
40.70397414 -73.66490557 935.2178 0
44.8611523 -93.50859734 1009.84623 0
41.1848906 -96.1749822 35.366325 0
40.15634764 -79.89289853 987.937527 0
33.5657154 -101.844945 2155.457025 0
42.3981651 -71.1121823 2041.702771 0
39.78070729 -104.76798953 6838.667328 0
37.0385796 -89.5354704 977.003375 0
39.1169769 -119.76521985 2107.696787 0
32.39888042 -96.85242285 3854.66238 0
41.4215801 -88.00895987 2053.078886 0
36.04591518 -79.07027679 2003.479316 0
51.03983035 -114.12518335 2057.417967 0
43.3407721 -85.8118684 2912.953435 0
35.81117461 -79.15114221 3168.322894 0
39.7311774 -104.8740167 3848.514297 0
33.7331701 -117.93420802 976.398106 0
19.52951659 -99.19466705 1026.369175 0
33.12169262 -117.086548 26.19553 0
34.78419128 -86.56197506 979.604268 0
27.29064989 -80.40382468 3937.422242 0
41.34405083 -81.4857123 995.089869 0
19.0260163 -98.21159157 46.703164 0
34.07278026 -84.18944009 396.432045 0
38.25029203 -93.77138457 580.472122 0
40.06951141 -75.02809372 995.212115 0
39.25559606 -76.70749364 4085.36909 0
35.87180948 -78.55166946 988.322867 0
32.3165261 -95.2442991 912.054681 0
41.9991312 -88.1650808 54.377063 0
38.8664367 -77.2085051 2021.402383 0
34.93209566 -87.6087473 1130.197201 0
39.21954336 -84.42062454 904.382575 0
36.33666663 -78.39802695 907.253734 0
33.01494408 -96.49223816 2043.065596 0
43.07164052 -89.39973834 2988.270511 0
34.1941369 -118.5585391 1938.48299 0
28.06641917 -82.53080042 74.533743 0
33.74596177 -118.31280247 3016.599924 0
43.14568786 -77.62402114 2970.360872 0
21.01581397 -89.62045621 953.919646 0
42.50448702 -71.75447971 88.898201 0
32.29431029 -106.77449016 1936.29839 0
31.78097976 -82.48132557 1003.269691 0
32.7936605 -96.9715185 30.259811 0
25.0460744 -77.3509295 1007.930336 0
38.42656645 -90.17854854 988.276348 0
38.21102233 -91.15110721 1994.435751 0
33.50725 -84.2433333 2030.529383 0
21.01194024 -89.56737568 4001.917244 0
31.63019075 -96.2817267 3.664712 0
33.63512812 -86.70906757 1918.802662 0
34.82512585 -86.8223417 235.515275 0
41.59380791 -87.6609737 1810.045006 0
39.1237103 -75.4999431 2077.388829 0
32.83765773 -117.1324874 1969.22841 0
40.94818386 -74.19789677 964.798215 0
34.24351099 -77.88092187 1128.204849 0
41.82722048 -71.44848727 8.538861 0
39.28482599 -120.70114374 870.087578 0
43.07692083 -89.40601701 2978.270066 0
33.82217407 -118.19621374 964.948611 0
34.668456 -77.03731359 24.883768 0
31.07403026 -97.34901239 2109.811656 0
33.7744198 -90.7282011 46.705221 0
35.07693454 -96.4105278 852.584669 0
39.15145767 -84.44097416 5000.963021 0
41.68700078 -87.68741728 1953.862487 0
29.51526389 -98.72288121 2050.400424 0
41.1536465 -81.2602526 2.502437 0
26.53001288 -81.89981989 1147.030631 0
42.72771521 -83.03639288 4828.151786 0
36.70480987 -81.91684693 1004.194232 0
28.5923362 -81.24846034 1010.378971 0
39.146037 -84.55231455 10.858238 0
39.63288737 -79.94197316 936.276841 0
33.8208519 -84.1733186 1095.77223 0
30.57293553 -91.01078887 975.897216 0
36.4576219 -77.64816815 2022.480964 0
42.09268892 -91.79619154 1007.203352 0
42.6249864 -70.74486815 1946.757869 0
41.14331285 -96.03572403 5.104797 0
32.03507387 -93.70866746 5939.252383 0
41.5963725 -93.5651774 19.066493 0
44.51732575 -89.55593119 4053.100542 0
39.79702455 -75.16383902 6963.54991 0
19.50274089 -99.21135879 2021.878799 0
20.65719944 -100.39931361 26.873262 0
41.12433907 -73.31169298 2912.221101 0
38.92040414 -92.31140441 89.502541 0
40.88527277 -80.65165627 953.673025 0
24.11488264 -110.34037399 976.450871 0
29.86156836 -98.23060563 1046.470643 0
34.17837684 -118.15779228 2.263755 0
40.1658916 -97.5839025 1956.304565 0
34.08092583 -80.38741991 2051.819783 0
32.74123523 -97.469028 935.030238 0
45.6723242 -122.65425486 21.022938 0
39.68669758 -104.81097981 1029.812856 0
32.65255612 -96.82086041 941.479371 0
40.76653734 -73.97930222 1117.317017 0
40.94551363 -98.34303159 80.978717 0
39.52020478 -80.9110605 908.117602 0
38.61156679 -77.29887821 3948.981807 0
41.37660141 -81.70243235 2022.512932 0
33.53809324 -83.26092399 1937.452811 0
33.18463118 -97.10083017 1089.857219 0
42.9793675 -83.6792778 9979.314873 0
39.81302456 -86.20499091 922.319706 0
41.9157321 -87.9025044 1062.135166 0
39.73776297 -84.04620508 11.706763 0
41.0023685 -75.9228486 1003.996105 0
33.80332479 -84.40128934 1268.525181 0
40.30504554 -74.24854727 4692.329397 0
42.4917563 -82.88428573 4000.412109 0
31.5405304 -86.8872978 4263.796589 0
39.8456884 -88.9415176 1049.376609 0
34.20949086 -82.21948547 1813.055658 0
19.39645621 -99.15596724 4944.656596 0
39.15044419 -109.14810112 958.585565 0
19.33241653 -99.1634903 7.116934 0
36.93876872 -76.22436218 1020.524862 0
49.08802953 -122.93437863 12.252698 0
24.9613701 -76.1772593 2131.811986 0
28.47525173 -81.45680131 217.871084 0
42.40746218 -71.02424889 2743.012093 0
19.33155033 -99.13542286 2380.567372 0
39.16797081 -76.62399916 602.938332 0
19.32243968 -99.13520721 3073.699964 0
30.46048448 -84.29957315 961.418649 0
44.78503744 -92.93833175 1091.440774 0
40.94551363 -98.34303159 800.963686 0
42.04910512 -70.98883199 1942.889986 0
38.37892525 -76.46486602 3284.421952 0
34.4684242 -117.3162232 738.866444 0
34.17491933 -118.15159227 980.407627 0
37.67105148 -122.07806318 2072.669374 0
36.45044724 -86.67606862 2965.052829 0
30.18399792 -81.60296339 3084.263591 0
21.1451526 -86.77936684 1264.751221 0
30.08365313 -81.90938931 661.795446 0
41.36863002 -74.19359106 142.335288 0
38.88505703 -90.1057632 4060.702357 0
43.03078182 -77.10591083 1797.307322 0
19.44898013 -99.15698647 2199.441731 0
32.74346559 -97.64454747 944.028878 0
43.24025302 -86.18858833 941.957559 0
19.43291417 -99.189489 2944.325782 0
42.458577 -83.0919751 785.112324 0
44.16158864 -92.16911076 2387.436951 0
31.65351033 -88.31971284 1852.898084 0
40.03501419 -74.90033632 208.449406 0
32.81262687 -85.17485761 2882.903791 0
35.63362738 -87.04356981 3423.706021 0
29.11170954 -95.71943132 8611.758161 0
33.79192009 -84.39572022 848.002181 0
20.69506039 -103.29189193 3184.658715 0
39.37071567 -74.42044183 757.189851 0
41.0391931 -81.5225588 6008.791308 0
34.7837833 -86.561639 1991.922446 0
38.49117555 -90.49510699 1290.78316 0
39.058771 -94.61456636 710.496204 0
41.1428338 -102.950154 1141.069667 0
41.88907762 -87.6292449 848.391884 0
34.69311829 -79.2024843 98.795586 0
41.05254756 -92.42199853 1967.158929 0
36.32251513 -80.16479342 137.805549 0
30.4215217 -90.54522682 1792.062867 0
38.24963343 -85.67997107 1070.591225 0
40.745213 -74.034547 6020.332516 0
30.64153533 -92.41507713 200.237204 0
29.99053151 -97.85968386 755.106479 0
27.8046053 -97.6826379 200.825613 0
39.79692895 -75.16392812 808.29031 0
31.9762486 -93.98865527 1950.592626 0
40.5273322 -74.36933227 2903.612109 0
36.81971641 -77.69213905 23.685566 0
42.98588193 -84.13518227 62.305624 0
39.7505746 -75.33357414 280.164013 0
19.5372974 -99.1902445 10.165108 0
39.99260048 -76.72949462 1990.12444 0
43.685698 -116.494903 920.019762 0
43.0072507 -102.5605608 8556.197101 0
34.22430035 -118.53183959 392.516223 0
41.55750044 -72.99078084 1065.606235 0
40.23200502 -75.21734775 4947.196277 0
41.57135904 -87.49041259 2308.004321 0
45.7643318 -108.5949545 1373.121592 0
41.55128993 -88.04535631 1134.708206 0
38.22432412 -85.78958555 8091.500577 0
39.10493 -76.9294358 1943.616582 0
34.98801551 -85.50123062 1007.604767 0
43.24049773 -76.80655804 3116.231714 0
25.4594311 -80.4912415 3055.940376 0
40.6483164 -74.18692511 3079.694428 0
34.1795162 -84.1394663 1181.685378 0
41.25655177 -96.01261868 670.053137 0
19.4843927 -71.34275333 1011.060403 0
43.46147219 -76.51903141 951.5425 0
33.11715269 -94.95163763 156.519584 0
36.09199834 -86.7317201 2758.955996 0
39.91803512 -75.16682584 2028.319408 0
25.9655822 -80.352146 4193.21996 0
41.66958153 -86.23122275 1951.137095 0
25.79811 -80.33754 2820.289877 0
28.52397515 -99.85644582 74.995808 0
33.1859517 -96.7896537 1013.002197 0
32.62314127 -114.81678426 1026.357086 0
40.68634303 -74.2118578 20.028693 0
39.33508207 -76.45920552 860.328258 0
35.08432687 -106.63160604 5015.257921 0
30.38420789 -90.01668317 146.331751 0
38.35564805 -75.59524396 893.300193 0
40.59386925 -74.46278832 1990.604692 0
32.3113895 -80.634732 2637.162594 0
35.7234489 -80.8717703 2455.593407 0
39.86920386 -82.76765455 6.222966 0
44.0700672 -87.7429395 1893.742284 0
34.6574167 -80.7658001 2202.353969 0
39.97289411 -75.1806128 1759.653161 0
38.94456 -76.72732 1176.043328 0
41.432065 -78.7103939 4106.149103 0
29.95694174 -89.97594665 915.705074 0
37.73019159 -81.09951861 1898.893331 0
42.04618976 -71.86981046 981.923792 0
38.5420143 -75.69751714 6981.518974 0
43.06835433 -76.14746978 1940.784282 0
29.08657985 -110.98501325 258.186388 0
31.8681521 -85.14923455 815.516263 0
42.34726183 -71.095962 185.192806 0
30.0912326 -95.992193 815.714425 0
41.48046831 -71.29957848 1992.371803 0
41.9081861 -87.6345423 2709.23734 0
31.53509845 -83.52042142 888.486044 0
25.69731045 -100.23804474 1276.064374 0
38.7744953 -92.25888236 440.403558 0
33.56764242 -101.87482063 4698.211287 0
19.44362021 -99.13937434 2043.686468 0
44.79823996 -68.74692377 3829.140648 0
28.6187848 -81.4897484 1161.233818 0
41.63723292 -87.69330318 1253.406591 0
28.0838224 -82.5556221 2672.184075 0
33.87620921 -117.44242248 323.772961 0
39.44693885 -74.52367438 2836.52368 0
32.79300455 -96.9043246 1282.933356 0
41.84427752 -73.54731165 2570.710949 0
34.2873881 -85.9923841 3103.814642 0
43.43004808 -83.93014516 108.089882 0
39.95336962 -75.59808757 2940.465527 0
41.4749561 -81.7001431 2880.334961 0
39.0022175 -76.7704761 2981.986114 0
37.79105431 -122.40730877 4192.305752 0
40.87974017 -74.47604786 1996.671397 0
40.0641777 -75.1478911 41.215331 0
32.4571131 -85.16740345 708.778568 0
38.84906323 -82.49480532 4100.943382 0
32.44768987 -86.42494638 3193.844011 0
33.61283431 -88.63420729 544.590543 0
31.731271 -89.1439655 1674.880609 0
36.87112695 -76.17759356 651.493911 0
41.933779 -88.7516399 1530.874453 0
31.99326554 -102.13856304 878.225059 0
41.05771854 -104.82135162 1602.26934 0
35.15913994 -92.7372947 26.059326 0
37.02145706 -121.58756082 1070.81483 0
32.75111808 -97.08225497 1247.267189 0
19.43641793 -70.53260056 494.775647 0
41.84620513 -87.71093015 2990.175058 0
40.12215706 -76.55269532 1100.616469 0
36.102934 -115.16606067 2917.581597 0
38.83035979 -90.29167433 3032.681638 0
33.639071 -112.18519215 1193.18576 0
40.71485971 -74.03993929 936.713206 0
40.75648987 -73.98626804 2771.471758 0
41.2790498 -84.3740817 1271.926188 0
41.3361546 -80.7203065 2968.300897 0
25.86145702 -80.31047926 165.983823 0
35.02439445 -89.68559179 4899.782138 0
33.50737286 -84.24316083 895.311642 0
40.77527452 -111.88104981 67.775479 0
42.64833595 -87.85470787 1849.604655 0
35.56876681 -82.71008069 1963.259284 0
32.6275121 -97.0759314 71.413832 0
45.38173375 -73.97013841 1957.09215 0
26.06091034 -80.18828185 7085.031114 0
45.08263873 -93.4870414 872.907905 0
39.59739762 -82.94402942 3.645219 0
40.06952902 -75.02816132 132.581953 0
42.5657871 -71.9827988 7133.172529 0
43.0591805 -86.207464 1290.453141 0
33.59322816 -79.03857476 1558.629356 0
25.72580453 -100.2210073 3088.695407 0
39.5136192 -84.3835396 3037.180273 0
32.66082135 -83.71166172 759.023392 0
34.61699435 -86.99334302 2190.935039 0
41.5749108 -87.4439548 1982.78413 0
26.2412268 -80.1126646 1447.111513 0
32.64717724 -97.02521629 288.108653 0
40.35563049 -79.82820714 11580.575564 0
29.17415368 -82.10399519 3722.249181 0
32.786871 -115.55848983 2718.944996 0
41.93428813 -87.69536086 167.197257 0
40.06461362 -82.40970264 12.866041 0
38.76804452 -121.2701847 19.690815 0
39.97226357 -75.2321377 2983.575484 0
43.1724364 -77.64196428 6446.567952 0
40.428359 -74.1015464 19.08833 0
32.829754 -102.511713 1625.049949 0
40.34697808 -76.72211785 916.865357 0
35.07329288 -78.96910817 1064.369793 0
25.7172429 -100.3739593 2963.324741 0
39.71910755 -75.61579116 806.134523 0
33.5203525 -86.8807217 126.826291 0
32.85091193 -97.15656901 28.332942 0
32.9646048 -80.2018088 882.81742 0
24.9940414 -77.464951 972.029237 0
26.09420117 -80.18578898 83.472367 0
41.63729788 -87.69335624 180.445218 0
40.2489123 -76.8578447 2277.900895 0
39.8365751 -75.44556845 6451.830475 0
37.98017252 -83.17297691 166.706906 0
38.4795851 -78.01612245 18.571074 0
39.91233126 -105.05155847 1984.981527 0
35.81997138 -80.25936769 882.587623 0
31.7878719 -106.22147382 124.135516 0
34.46023474 -81.9619753 1849.670503 0
42.75322769 -78.88436561 3091.601028 0
34.07263221 -84.18936593 19.723251 0
40.79487466 -73.99411647 978.730738 0
36.1624544 -95.9354345 963.449044 0
38.36468445 -98.81088755 1463.572786 0
41.81627473 -72.28243014 2746.78712 0
36.40809809 -99.37418573 4933.446056 0
42.02820508 -71.54447372 27.481277 0
39.0727985 -94.4265817 2140.799355 0
39.04732185 -84.50543824 1655.304835 0
20.921559 -89.5810948 1.217655 0
42.96801985 -85.88443316 3962.51881 0
30.2462164 -95.44174799 4322.627371 0
38.88795258 -77.0929788 2603.021631 0
28.3550541 -80.7534761 218.070892 0
21.0416493 -89.6223361 2485.568859 0
29.50459588 -81.24733089 1431.950239 0
41.0124811 -73.76663385 976.055908 0
38.4322309 -81.78010368 2.787238 0
41.78003733 -71.51967921 101.956329 0
36.85618004 -83.86573857 20.059853 0
29.44165119 -90.30099263 873.208191 0
30.71759264 -95.5376609 266.321053 0
41.81603861 -87.64015068 2186.76497 0
42.50820059 -83.74756679 471.378074 0
25.68955543 -80.42369725 41.447277 0
19.512343 -99.2046186 65.829427 0
28.72991311 -100.49880084 2081.057274 0
25.5890467 -100.2731361 46.879289 0
33.539057 -111.90216823 5408.277965 0
33.4080131 -86.7983251 2610.910014 0
42.9088821 -78.79556088 29.256897 0
40.779868 -74.0194262 4.781587 0
41.61145245 -73.11663395 2206.454501 0
39.5208336 -76.16355047 1479.569237 0
33.21907039 -117.3357714 2119.712138 0
32.01632699 -93.33850816 991.556703 0
42.89696415 -78.67092852 1982.479972 0
39.1837749 -90.7897457 164.554755 0
29.5009415 -95.07410905 1941.004665 0
37.6912905 -97.2648587 29.069181 0
42.9000273 -112.3965126 2508.085071 0
36.8921479 -89.928768 905.905297 0
39.99598206 -83.01122258 2462.588035 0
41.0909295 -81.7206944 951.556509 0
41.23296769 -95.96114415 53.735676 0
28.78056697 -81.3056944 342.998567 0
29.9882228 -95.9337427 2585.098802 0
39.89739283 -82.40574017 2027.266181 0
42.280853 -83.74845207 1005.952893 0
34.25141259 -118.60509279 5955.651622 0
33.95056084 -117.99783345 2202.781377 0
42.46443613 -83.88335396 885.15764 0
35.25973627 -96.93765002 203.231046 0
33.93718533 -118.22332012 5299.354272 0
38.53156293 -82.66625627 2436.397309 0
42.2239608 -85.6418954 30.774542 0
43.06477161 -88.16655541 2104.911649 0
39.0349313 -92.34893208 977.213071 0
25.8930843 -80.2252303 4971.191093 0
43.0347813 -87.9170295 11993.583471 0
42.9134323 -78.8048815 1122.589373 0
37.86719411 -122.30141477 2886.090073 0
33.4236187 -83.2575595 976.48319 0
36.78902709 -88.57781558 912.819887 0
37.2960047 -80.0113999 3910.582651 0
41.8601062 -87.6597536 2054.837803 0
33.8254533 -118.2608987 5942.563964 0
29.76852505 -94.64852926 3059.828375 0
43.64376166 -72.1522377 17.217724 0
41.1185349 -87.8543661 4961.178882 0
39.08561446 -84.36082025 2033.733048 0
33.4597104 -82.0721679 30.311681 0
37.13768535 -80.40809451 9932.214316 0
41.68685686 -85.99138323 1010.089265 0
31.3218419 -94.7316039 3029.39526 0
32.37760107 -86.26551831 68.941175 0
38.05592695 -81.82436111 2093.661949 0
37.68601902 -81.87575934 2780.012517 0
32.79175438 -97.32477754 2045.58499 0
37.91316076 -83.87271445 27.217085 0
43.0328504 -75.0023384 1987.384727 0
33.31248293 -85.74402245 983.139789 0
41.87725986 -87.78778659 232.262357 0
29.82239675 -95.81092399 3744.128768 0
32.65619495 -84.26641856 13.783811 0
42.56771604 -96.71152633 5.460368 0
41.99780373 -87.68865241 958.125642 0
39.99479874 -83.00445461 17.587162 0
38.62724765 -90.5208601 4039.800179 0
43.60983382 -70.33457207 990.532242 0
40.52668998 -74.46770173 995.387919 0
39.50556415 -119.85434873 2006.689461 0
35.24775249 -91.7234763 1052.318846 0
19.4865542 -99.2534445 1927.743253 0
42.16697686 -72.06534949 2082.735917 0
33.67137 -84.26287 901.838027 0
42.62190278 -83.66189618 12039.264277 0
38.97657564 -75.81325848 986.174217 0
30.33811853 -97.70566095 1954.041533 0
34.20557752 -79.82403621 132.879773 0
42.2208883 -89.0622584 1994.193246 0
42.00640721 -88.10086393 951.706854 0
41.22253977 -96.62323496 12.232314 0
39.63633894 -105.12599152 2966.459426 0
33.9215662 -118.0532039 1975.806652 0
38.83818283 -94.42079773 1037.839756 0
33.75866165 -89.08874021 1.182031 0
27.96572691 -82.00504647 934.244582 0
38.58009278 -90.25893216 20.288561 0
36.17230669 -86.61535238 2960.724697 0
37.76509094 -122.39981295 90.99754 0
39.70751266 -105.02297868 8.682399 0
39.78300603 -86.03523416 3125.169262 0
45.07618354 -93.29071457 1791.672793 0
41.83002905 -87.76249328 53.566319 0
41.42461357 -72.73215262 1974.028265 0
35.9535387 -96.0154226 1034.366386 0
41.88556498 -87.89285289 3098.425018 0
39.16398208 -94.86125572 911.512721 0
40.67423665 -73.6953922 176.902795 0
35.47073892 -97.39028119 805.439992 0
37.83017388 -85.9522518 59.293533 0
37.73783306 -82.3282086 1012.685213 0
39.88970381 -75.34360268 67.635327 0
39.16962011 -121.74973743 2874.326927 0
19.37732 -99.14648 1998.988508 0
35.45427814 -97.6956246 6.541328 0
30.04208924 -90.54268314 928.087702 0
28.02816402 -82.42904498 1051.400662 0
39.94896616 -75.61346653 5.436689 0
44.59327487 -75.17096357 1945.736909 0
44.8877441 -94.3813205 1009.447828 0
35.29683107 -93.13416408 3095.299483 0
29.69328544 -95.29020144 3929.924371 0
36.75715018 -85.95223919 1019.235713 0
42.53429395 -83.00893646 959.56449 0
41.83002905 -87.76249328 1048.577584 0
28.35317359 -82.67857564 3.506965 0
47.67704346 -122.36600823 938.238396 0
41.48100359 -74.46881555 74.39199 0
36.84157219 -87.41267588 979.716979 0
31.7047969 -83.6494385 10.463499 0
40.15752616 -76.39811853 972.793009 0
40.42965854 -74.17297519 1946.096506 0
36.1903215 -115.2649019 2999.375119 0
38.2821981 -81.5677163 2073.481455 0
36.18125509 -95.99970829 969.299023 0
38.58723907 -77.31495548 64.847765 0
39.1245412 -94.3704055 929.909189 0
33.27366984 -83.87331966 2020.536812 0
43.68664919 -85.4822272 2024.699824 0
29.49521295 -95.53154718 938.957748 0
19.28772519 -70.25488148 969.397215 0
39.7523207 -75.29172397 2031.564951 0
37.93759631 -87.52978745 2005.179383 0
36.06312296 -79.82820483 2999.320634 0
42.59951547 -83.71868563 15.804323 0
41.5665323 -73.609472 964.085442 0
25.72813786 -80.36585756 5175.864434 0
39.78700398 -84.02430012 814.807854 0
19.42537632 -99.16338354 2021.467977 0
32.89803818 -97.04086304 18.711877 0
39.981234 -82.9259213 3989.692071 0
40.7498254 -73.9879632 5083.090203 0
33.17474861 -96.84059628 936.938194 0
38.74708062 -90.07738448 4330.518394 0
29.5880079 -98.4144793 9.731241 0
20.0424774 -155.6030783 683.520589 0
43.30389549 -88.39130726 943.921766 0
31.7795158 -106.42597071 7059.25654 0
38.43932966 -77.4062531 1992.872128 0
31.96732149 -83.77578906 382.439175 0
28.46288 -81.56982 1139.950821 0
33.73325556 -118.30055316 576.684287 0
19.51480074 -99.26659763 1874.737602 0
38.57652093 -121.49363995 10.015617 0
34.06269847 -118.34888004 2963.029599 0
33.4614918 -94.075425 2977.075708 0
37.98088378 -84.48068102 1024.807173 0
31.10534845 -97.74205186 3055.628786 0
34.14396768 -118.75489332 23.825492 0
27.69608381 -97.35231008 20.540974 0
35.09416277 -78.89334972 936.736956 0
19.30042 -70.25373 1990.476117 0
38.6251844 -95.37942901 968.149968 0
46.2818758 -79.4395362 31.574225 0
38.82438642 -77.05658515 2022.650217 0
39.95494958 -75.16821154 2494.870425 0
44.4091736 -79.6702376 449.647017 0
26.67812828 -81.99826567 3045.694329 0
38.2006109 -78.9311751 4984.255937 0
39.59968496 -86.18450973 5014.91242 0
42.84242663 -90.08045219 3986.959803 0
30.6327433 -81.5921205 1059.063917 0
34.16386891 -118.59917531 1884.945567 0
30.41170967 -86.72794255 2014.223796 0
42.09577115 -83.09894834 2076.075926 0
30.42526878 -91.15087293 93.496206 0
42.57898912 -70.96704949 894.518003 0
35.30154722 -94.04137718 1996.130393 0
41.56416594 -87.17593834 2945.844048 0
35.3677558 -78.35703291 41.241085 0
32.4752484 -100.4001166 974.184667 0
33.64963945 -96.61898106 2976.030458 0
42.09694693 -80.08261177 20.040159 0
33.76610565 -118.14945221 2966.609306 0
34.06776561 -84.03652813 2100.12219 0
40.4032586 -74.4050321 943.840275 0
42.8228653 -84.1497881 6019.459538 0
41.25387283 -87.83715382 1946.870628 0
36.29327 -76.23835 41.186279 0
34.31991824 -82.11424096 1036.025134 0
40.79206026 -73.81294564 2959.513587 0
38.68272621 -77.28913925 11.094234 0
38.9674267 -83.02439491 2014.614495 0
36.06208953 -94.16226438 936.967105 0
31.73289726 -106.25495406 3032.325914 0
46.0027783 -87.9247447 22.634535 0
46.27287984 -96.60656512 948.083121 0
36.61084657 -88.32560814 2.971832 0
29.19141273 -81.0234925 1224.203296 0
43.69786494 -79.83971442 1876.971484 0
33.41115155 -82.65680431 1987.355173 0
41.6823398 -72.7644382 3.317817 0
44.38508024 -79.53010926 913.840636 0
29.9712661 -97.8753388 24.583684 0
42.5315004 -75.521393 2985.198555 0
40.69492621 -99.08962307 2968.114859 0
36.88152982 -76.22626461 1111.81685 0
35.27368498 -81.01721987 17.980172 0
32.37183208 -86.20448887 1890.073798 0
34.06558096 -118.03964297 1970.49272 0
38.885954 -76.925181 2072.431889 0
33.572827 -101.944844 3.091544 0
27.29914785 -97.81538746 8016.581224 0
37.56239018 -122.2814106 1960.575759 0
45.54374088 -94.15922057 28.162424 0
25.72580879 -100.22099553 941.009624 0
25.0225098 -77.357957 1980.212631 0
38.88630185 -104.6894568 2054.676922 0
26.64271073 -81.96410798 18.121199 0
34.19574057 -90.59425513 9.435188 0
42.42473471 -71.05011561 6979.186364 0
41.76669973 -72.5450693 100.862944 0
35.668617 -80.4937715 1898.488719 0
34.78346955 -91.5803262 2948.498104 0
27.726698 -82.6464199 43.000215 0
40.96052797 -73.72858867 1073.818769 0
39.6247153 -104.7449329 876.381682 0
39.78338987 -85.79351668 1053.697337 0
31.21763862 -85.39607827 9.323557 0
35.53561385 -80.7915876 975.110622 0
34.07090913 -117.92197044 30.657285 0
39.86437988 -104.95592976 15.115926 0
39.8264939 -75.2922515 999.648868 0
41.607309 -87.3613199 63.338677 0
31.5766098 -96.88220136 1891.10378 0
42.62973369 -84.61518804 69.25338 0
41.330295 -81.51777886 1892.15044 0
19.4676021 -99.0541305 1048.042637 0
39.9952178 -75.24042277 991.804239 0
35.29684121 -93.13427556 964.672856 0
32.4673827 -92.07337437 3055.499481 0
34.09566557 -118.16019192 975.453885 0
41.44014318 -87.68306253 4991.414354 0
25.77676355 -80.35163889 32.526204 0
32.71382948 -83.34750215 2940.867005 0
42.4661905 -70.9336074 1028.356186 0
36.136155 -115.16134378 1971.076966 0
38.89718 -76.8728621 41.565083 0
31.15903177 -97.44424691 1022.936509 0
33.7814096 -117.9659558 6135.039759 0
42.88329255 -84.23137726 815.547255 0
42.27490689 -85.76140653 4090.068094 0
35.03691568 -85.30351897 5895.488023 0
42.45862954 -83.01749866 19.869161 0
42.166894 -93.8652916 1.821088 0
38.0237228 -78.5061345 967.961871 0
39.79529453 -75.70494569 69.624252 0
38.47454115 -77.49499729 21.397558 0
33.86118894 -98.5316735 980.524658 0
35.9588621 -115.0805225 941.743922 0
39.76969154 -84.20615955 2041.527956 0
41.4411785 -87.4741421 16.389908 0
35.46013916 -81.27285894 1991.68364 0
42.08026964 -72.57600286 1058.20718 0
35.46134491 -97.40343668 1898.978337 0
43.17897785 -76.24305623 6036.762697 0
29.5228759 -98.3218383 1979.573955 0
30.80706183 -88.07265405 22.14699 0
41.38141891 -83.10919342 975.476114 0
40.83471 -73.90443 198.496278 0
40.63563824 -73.95182847 1981.597606 0
34.3439568 -117.8252188 846.691857 0
41.0477959 -80.65926201 967.431208 0
38.3025125 -77.78006765 381.578363 0
40.546605 -112.278198 629.199369 0
32.18559355 -90.28796372 8.649659 0
38.43774841 -122.73300299 4214.057384 0
41.38498482 -72.90345867 769.442947 0
40.01228859 -83.00891667 2032.39179 0
39.7908588 -84.1223899 7047.060936 0
39.76053147 -75.53273537 2012.110449 0
41.691 -87.5227982 2932.943743 0
36.3138205 -121.25528906 5965.690535 0
35.6302309 -77.32710369 27.104122 0
38.75001307 -76.65817974 2012.275469 0
41.88679082 -87.89095573 961.733614 0
42.92973031 -88.1735496 2006.78423 0
47.35099845 -122.15430357 988.073212 0
35.37439121 -118.96010632 18.826355 0
43.7315803 -79.82487296 1034.515366 0
38.69168689 -76.85600881 1156.452983 0
29.05684354 -95.69678823 1867.988289 0
29.64880118 -82.35633897 1019.17379 0
29.0207198 -82.1094392 3.65244 0
30.69729924 -88.14453455 1958.721848 0
34.16385485 -118.5991965 2973.122182 0
39.36455011 -76.75032743 63.226162 0
35.1595297 -94.6753937 889.100286 0
42.44825194 -79.33622594 2003.351996 0
36.87595891 -84.07384708 1033.221623 0
34.66255926 -92.50442089 2019.455237 0
40.17372421 -80.24769044 59.862778 0
25.45532264 -80.49195119 12.061376 0
41.40570207 -75.65466402 2849.421595 0
46.23647124 -119.22741649 17.174766 0
48.84012666 -99.71595917 51.307062 0
38.9719011 -95.259973 9943.189038 0
45.5759722 -73.54566517 1060.212102 0
40.72879942 -73.7097529 1979.710404 0
34.00170386 -118.08957874 994.63455 0
39.11714574 -119.76542718 12.064535 0
47.06874425 -122.17764933 2008.280402 0
39.03346678 -82.09743566 2998.326 0
43.12472472 -79.04778991 3004.746139 0
37.58206108 -121.99006864 151.141245 0
33.63612933 -117.15215877 1804.567694 0
42.9176151 -78.7993343 1084.410942 0
33.9933561 -117.4283512 94.9234 0
33.20119074 -116.96855594 4850.824385 0
40.77665154 -73.98005953 1264.732442 0
41.5051742 -84.6140327 24.573387 0
27.91190235 -81.8728051 670.387287 0
32.7832526 -116.9495412 16.36874 0
33.9989152 -118.0942426 3130.806663 0
33.19903521 -97.13247674 1876.145137 0
41.45246532 -87.08270849 2010.130258 0
32.79268449 -79.94421204 970.183858 0
43.08994615 -83.53696156 1998.75942 0
40.54174668 -105.02838209 65.501557 0
39.77886637 -104.82917018 6945.782835 0
36.7267003 -91.8522287 32.47641 0
41.23773188 -81.85527795 950.029076 0
43.05885587 -83.31487063 4073.026888 0
34.59930337 -78.60181041 6942.361638 0
41.76664041 -72.54489996 3014.816607 0
39.96989409 -111.77456028 3991.088391 0
42.10042002 -71.05199423 32.392551 0
51.2917607 -114.0314388 987.438527 0
41.8399044 -87.7307475 7.888993 0
46.2317733 -119.1105599 2969.124379 0
33.47059012 -80.89940536 2005.515024 0
41.68891137 -80.82144328 1035.505895 0
43.79289773 -79.38557658 979.208658 0
36.57073788 -87.40214076 2007.913048 0
29.93095828 -95.3067911 2017.939389 0
45.40064334 -75.7147044 993.531114 0
19.2475161 -103.7434213 4.009434 0
39.71678298 -75.61142809 1050.199833 0
38.97629571 -120.8962726 938.417188 0
39.43661722 -77.83689699 2015.582896 0
41.46752348 -81.9056516 15.153581 0
32.77223657 -97.46915827 943.669805 0
19.65599823 -99.08540344 1044.497103 0
41.39445784 -73.39464643 6999.118945 0
38.84767799 -76.97519853 979.00728 0
27.5942063 -99.5244497 3007.497811 0
30.3414355 -97.80242552 1.550209 0
34.14010715 -83.95236592 0.643784 0
34.61664914 -98.38619404 986.518346 0
34.0250209 -118.191189 2003.343035 0
38.98134434 -76.9675328 5061.320469 0
40.609522 -79.570394 960.235555 0
33.31880126 -84.75986442 1936.867202 0
37.65447137 -97.22077157 2028.78918 0
27.83927727 -82.30841867 1997.619551 0
35.02111423 -80.96262982 5.717461 0
40.731698 -73.98922694 1021.586233 0
39.7980001 -84.2772999 993.991973 0
40.14754836 -81.06476842 1439.457489 0
42.43921237 -73.22593236 1528.635281 0
53.45926 -113.51886 9038.226589 0
40.7631925 -73.98410772 1942.33391 0
34.76822909 -86.6036974 2016.956585 0
35.6398542 -78.874268 1.019785 0
30.2569359 -97.7313101 29.456614 0
33.8321007 -118.0056038 1960.037739 0
29.84905669 -95.2310565 1008.409957 0
33.96582632 -118.19997312 991.838913 0
41.48338192 -73.04556892 5.617649 0
33.32589095 -111.97731307 184.904306 0
26.394258 -98.8419028 6840.395418 0
42.51105075 -92.46401203 9998.727113 0
40.72164 -74.23104 2024.296994 0
42.87021332 -73.81904144 1354.136902 0
37.25295127 -81.21536817 576.098868 0
42.40719488 -82.91382506 47.661524 0
40.62388513 -80.22190863 1030.99106 0
40.0158647 -74.8825243 915.248092 0
41.46761398 -81.90559208 14.748041 0
42.75582565 -78.8014856 994.015641 0
30.60465965 -84.98091395 5062.689335 0
33.02800438 -96.83558183 5957.22747 0
39.99475044 -83.00450591 1964.129005 0
29.39008296 -98.46197649 34.070283 0
33.57124124 -81.77239189 18.08194 0
29.56897326 -95.02085712 983.113979 0
41.7736771 -71.3946402 4033.179989 0
20.62212866 -101.67546944 983.424398 0
32.5723928 -92.07701977 984.084615 0
42.24605153 -85.91284772 1012.186388 0
34.99120963 -81.06145747 989.332571 0
41.7473119 -72.6922778 3043.508524 0
46.07191205 -118.33909248 951.378048 0
42.28083957 -87.88097643 7.816234 0
41.7438059 -86.1788377 4986.464593 0
43.05188594 -76.26935833 1037.148349 0
42.4157898 -71.0693529 4.085752 0
41.51929902 -72.80657356 929.323143 0
29.7860061 -95.4181344 1082.293496 0
38.91256256 -85.87956344 4002.507671 0
38.65867378 -90.26898501 10979.863513 0
42.11861572 -79.29384185 8.870919 0
34.5147993 -77.8651745 1004.534846 0
25.7134996 -100.33850009 937.136831 0
39.07045578 -96.83632243 1048.861523 0
30.36802629 -97.70643699 1.141748 0
39.34828319 -80.11953031 1094.776455 0
32.1869201 -110.8175489 1861.508527 0
42.58725815 -73.78573235 1064.522865 0
38.9287888 -97.36034615 997.122643 0
40.7600123 -74.2099207 2001.543601 0
39.0046767 -77.3431629 47.140723 0
25.4380529 -100.986264 882.540432 0
41.4310562 -81.9240542 21.298491 0
40.7503369 -84.1178322 3019.608631 0
42.65212297 -71.33424226 3028.084213 0
26.89351826 -82.00911689 2901.290448 0
38.0889028 -78.4676161 6066.037828 0
32.1869201 -110.8175489 984.97184 0
32.57775184 -84.98604777 1969.914356 0
36.18757764 -115.21225822 2087.287934 0
31.64663223 -94.6590813 5954.872887 0
39.48197253 -75.00722283 4018.432512 0
34.0506204 -117.2229993 988.907052 0
37.37412772 -84.32754965 1014.169806 0
25.7752 -100.38004 1956.414125 0
40.50259074 -74.37256616 2038.891135 0
40.72838471 -73.26200422 26.801363 0
43.2398709 -77.6892016 979.437321 0
30.27745069 -85.64072052 2051.340173 0
45.6293736 -93.99262067 5916.927144 0
39.88042876 -75.29360229 3026.011439 0
30.6357948 -96.36822006 996.776289 0
41.9371649 -87.7596568 1051.911751 0
42.65311673 -83.17679646 2.573837 0
43.1064507 -93.5937775 880.925476 0
35.62670121 -106.0504716 1054.671934 0
39.54135375 -119.77321358 3020.844279 0
41.3850704 -72.90356179 37.253015 0
40.6381855 -74.1690419 8900.818677 0
36.10301054 -86.81259385 50.124977 0
43.11638119 -88.02747244 1946.777724 0
29.59306704 -95.62734073 1034.369892 0
32.59698427 -97.10475476 3049.618113 0
38.74688 -83.03260552 3969.565088 0
33.64298637 -84.43258872 39.36674 0
40.0066999 -75.0728094 911.077522 0
42.79654719 -83.24668285 1042.704471 0
36.82750344 -76.28360038 5956.828384 0
27.22131663 -98.16052797 15.321201 0
40.79890468 -73.2413083 1.677418 0
33.19088897 -96.70031195 16.461025 0
42.9134323 -78.8048815 940.581099 0
19.84590285 -90.53710301 17.456504 0
25.6834628 -100.3714255 50.776948 0
40.0482857 -75.0252997 3014.450627 0
36.27412321 -115.07384251 1932.152634 0
39.47607808 -84.4530408 4010.314744 0
41.68933852 -87.70570828 1049.065209 0
42.6375661 -71.28265473 951.477935 0
41.73156047 -88.31575647 3040.77237 0
35.9056807 -81.0860497 966.793503 0
34.16048531 -81.33429623 2026.708341 0
36.2325482 -95.1351319 65.899086 0
38.72995628 -104.71350864 1944.159091 0
34.1686081 -80.9054452 2282.798893 0
36.58459011 -88.32546818 1720.477261 0
42.383305 -70.98129 139.973323 0
27.42668546 -82.30640371 2801.289519 0
38.5180676 -89.11865753 2063.297266 0
34.0648325 -83.2247684 4966.274344 0
40.83159385 -96.62887622 3993.890424 0
39.59731125 -104.93440585 1.809431 0
32.6267803 -116.9888572 985.872729 0
35.57803642 -77.33593195 4011.200695 0
31.330407 -94.7618009 1026.549432 0
41.31672319 -74.17707184 21.998544 0
43.19071488 -79.20539163 3984.92017 0
38.4980629 -121.4416494 4.848737 0
37.8758943 -80.6666713 2964.183119 0
40.54424193 -84.39287787 50.935229 0
42.5015347 -90.7226926 13.228033 0
40.68786621 -74.18301343 929.350978 0
40.44364295 -74.32069892 13.135301 0
40.8006992 -96.68351325 2025.144114 0
32.8405915 -96.98376002 7.706018 0
41.06960327 -73.49962028 937.992379 0
30.4768282 -97.6553541 1028.109782 0
36.07872181 -94.18488762 1017.041725 0
42.52018296 -94.16580508 973.093578 0
26.05245051 -97.67113614 1011.806924 0
44.49248123 -73.51650696 1073.241705 0
42.14536736 -72.59158775 981.118575 0
40.02638401 -83.05210618 919.717954 0
40.69611669 -74.23577784 1039.489533 0
27.81735184 -82.78953452 17.621223 0
32.48654051 -93.77259342 2991.551471 0
30.2259458 -97.7460407 12.959252 0
42.29450562 -71.82748017 2.735351 0
30.4507359 -97.5584204 948.757321 0
37.742684 -122.1484477 3035.840795 0
38.5450367 -89.9435982 971.219186 0
38.0144193 -87.58097972 1046.055687 0
19.15068245 -96.15810394 16.102938 0
34.28994837 -118.51665859 1016.927853 0
37.93408749 -87.34302979 2.506255 0
40.69662053 -80.31435259 1.859697 0
39.37056866 -74.42044954 915.541839 0
40.8617042 -84.6000073 959.713248 0
42.3701533 -90.8168188 2061.742801 0
42.652099 -71.3205007 10.583592 0
33.99621891 -81.02455125 947.600284 0
39.5030012 -74.45301982 4052.244596 0
42.42491921 -83.31982777 1990.11832 0
35.47434878 -120.65321267 2036.703858 0
43.1837157 -88.7177835 1970.481776 0
40.84133212 -73.9694764 1990.115415 0
34.7133916 -85.30357548 57.031321 0
33.7794209 -118.15303502 967.049181 0
41.91910288 -70.55952782 8955.896291 0
43.65694833 -79.39353597 974.326629 0
45.79802851 -108.52148339 1102.933628 0
34.30476477 -118.42271179 888.621932 0
33.9810468 -98.5340075 1143.338516 0
39.90269378 -75.07990809 60.339108 0
42.50303724 -90.64247706 884.889866 0
42.18236913 -86.27451864 87.914437 0
34.83993905 -80.4851267 848.562212 0
36.17562231 -115.26545351 1053.244897 0
34.13638973 -117.66422415 4154.417791 0
36.87763035 -89.00735761 833.91225 0
31.57159423 -94.34712697 1002.655659 0
34.16489225 -85.19576781 2009.015077 0
36.3159576 -82.3541657 3974.547007 0
37.690648 -121.7670644 1.778212 0
29.83472409 -95.70948553 999.372552 0
32.82040183 -117.14860082 2983.554239 0
33.63342013 -117.15092495 40.721261 0
43.64187437 -116.39069595 2928.16148 0
39.18347199 -75.53857817 1062.59808 0
34.2011099 -84.4828594 990.555831 0
41.34812616 -75.98640991 2007.164397 0
30.38796762 -91.17709822 46.754496 0
35.52738543 -97.27660343 920.491595 0
36.70909061 -96.9496432 28.113035 0
40.97228065 -85.61887581 18.783701 0
36.09358757 -83.25259614 3024.189314 0
45.03021693 -93.21199165 906.045529 0
39.7478079 -104.999063 51.686307 0
41.28026258 -75.85572816 2079.962944 0
41.68889239 -80.82146055 68.087113 0
29.81395345 -81.34643273 919.766738 0
41.6538349 -91.5287645 1052.542923 0
33.80009781 -79.01337494 874.564389 0
32.67645821 -97.19547289 50.234161 0
39.31569791 -82.10193406 964.833057 0
36.84904324 -119.74329187 1972.512748 0
47.92307131 -97.08404336 1000.172492 0
30.3991373 -81.7106257 1966.730413 0
41.29426484 -81.72102316 2073.247339 0
32.7734971 -97.5165609 976.94438 0
25.9551096 -80.1208501 955.448399 0
37.9685608 -87.48934477 25.873117 0
26.6626043 -81.947772 38.800396 0
39.92607476 -75.56787083 1919.108046 0
43.65772344 -79.45992267 980.149819 0
29.44164909 -90.30098883 5029.822988 0
33.4635799 -82.0819064 1028.431564 0
36.87146902 -94.85372191 2182.302541 0
42.32921984 -83.51123784 4792.773857 0
34.20120386 -77.92479207 983.820456 0
27.6773982 -97.4048297 1058.325741 0
35.96967263 -86.82514245 2930.025946 0
41.97803422 -88.14982575 31.321432 0
35.08519572 -85.30634112 2386.841167 0
29.5005707 -98.7955421 662.51779 0
38.8585063 -76.9112923 2960.652434 0
28.9234732 -81.2928309 5956.053847 0
41.140241 -81.3368187 81.041403 0
34.1285295 -118.006954 5.109066 0
37.60397687 -77.48398354 1997.352301 0
33.82418873 -84.22142676 1144.164032 0
34.17916915 -118.55315794 1848.021099 0
26.4976107 -81.9494544 970.953141 0
43.4680676 -80.59298276 971.474726 0
39.86566932 -83.07723622 1000.933872 0
29.46144362 -98.50926144 5024.547518 0
25.76240164 -80.19301235 979.069891 0
39.76030339 -86.24056824 4008.392477 0
40.75722885 -89.63022262 2.751583 0
40.82978712 -82.33428641 19.433444 0
30.16455806 -93.21077844 4022.700502 0
40.20661316 -85.40961432 3993.487681 0
42.61517609 -82.87699832 2934.966911 0
40.51611781 -80.0833095 1054.786563 0
33.91281475 -117.1802251 1016.675313 0
34.67211841 -92.33451832 60.206989 0
40.16386961 -84.23684025 5889.920905 0
33.98994891 -118.08153338 2033.448385 0
40.86878037 -74.19943518 3959.389987 0
33.3964407 -111.6008482 1314.993455 0
32.60335548 -97.12933604 720.277163 0
41.9622772 -84.8551987 45.590398 0
39.79041571 -84.0675507 3941.627955 0
40.3191458 -76.9115994 3037.085398 0
40.53505133 -81.47763583 221.641708 0
33.84555609 -112.11775781 8771.637819 0
29.74789483 -95.60987896 994.953949 0
38.6442743 -90.2175495 2052.575419 0
33.46235513 -112.10244601 962.521073 0
29.03106487 -95.4110287 1920.479112 0
32.82049367 -96.92293993 628.880629 0
36.05225085 -83.9847841 461.488035 0
41.6924171 -86.3165891 1942.372637 0
35.1479045 -77.1119475 2.112348 0
42.23214113 -87.94099797 6082.269474 0
29.69470646 -91.19762326 23.792567 0
29.94834744 -89.94369376 2866.214047 0
38.53658974 -75.55388711 1023.817399 0
27.05132531 -82.10393184 61.000387 0
29.8943511 -97.96261261 1923.536147 0
26.35208406 -97.98189587 9.461378 0
31.4426669 -94.7225455 34.087162 0
20.62475812 -100.46053479 8954.826575 0
37.0791509 -88.3931227 2030.905583 0
30.49037843 -81.68330669 7.032316 0
34.1921301 -118.65138536 931.711093 0
35.3844301 -78.00785411 2008.58442 0
43.06114209 -77.63069194 11.391344 0
46.86874525 -113.97759384 45.07001 0
41.35417714 -81.6942061 48.220967 0
41.77551852 -87.5909018 2998.844606 0
41.42996354 -85.26105041 3.294478 0
42.65705702 -71.72879303 2889.200345 0
31.78932482 -106.33196818 1.029989 0
34.19345414 -83.60704297 108.136923 0
38.91169668 -94.59026851 4980.214643 0
42.7293333 -87.8139291 939.224228 0
33.93209655 -118.03210875 2238.555081 0
38.4324736 -90.36495561 2820.411165 0
42.43416348 -123.3237316 1947.906138 0
43.37405449 -71.42834279 2972.035617 0
29.8206087 -95.4518358 1012.986447 0
37.31201623 -85.41834915 26.657157 0
42.34307743 -71.24822073 4015.194898 0
40.83982057 -96.64603968 1008.197606 0
34.2573217 -92.0790241 1088.145263 0
34.77555134 -86.48236342 907.300254 0
39.9811504 -82.9259749 1005.659352 0
19.54697507 -99.01906758 1942.116265 0
41.37313693 -74.48427382 138.273656 0
39.44070377 -89.83364881 1877.731052 0
42.15482632 -79.98001575 1.045154 0
40.79852975 -73.96664144 26.932517 0
33.56948138 -112.21793999 2014.476944 0
41.86886209 -85.44109584 4994.656819 0
34.97897287 -82.55083795 24.075095 0
40.20094446 -77.19982179 2993.586987 0
32.86471497 -97.37446689 2.145274 0
34.88675731 -81.9874013 946.914915 0
27.7505818 -97.4409103 3012.204151 0
29.7152149 -95.6717504 1019.450022 0
19.48548732 -99.10466812 2013.254356 0
49.4210751 -82.42703095 1949.014041 0
42.0611506 -83.3872477 4040.020774 0
39.97098199 -74.95986968 2205.11376 0
29.3547432 -98.443939 792.842725 0
35.77139286 -81.80537981 982.907817 0
40.72002506 -111.87999037 1031.858498 0
40.79795251 -77.85858164 1172.921332 0
33.9064797 -84.0346184 2762.639305 0
41.64460851 -81.45714769 24.718985 0
39.87186514 -84.02962754 3987.328831 0
32.8194541 -92.6604091 6010.577061 0
28.62680803 -81.40268707 215.04995 0
42.31455776 -71.06286703 764.811918 0
33.13413899 -96.75487569 4044.473274 0
30.84546666 -90.1370012 14.008205 0
22.29224602 -97.82176847 1979.873063 0
42.4322095 -83.0506542 2995.733981 0
39.96708794 -89.72569395 2.159921 0
41.3816741 -83.10858445 1984.843421 0
42.3244046 -83.0544784 2068.3063 0
42.12569034 -71.17863122 1.944508 0
30.1874448 -97.9042487 1958.146051 0
42.52018 -94.16580707 3005.351632 0
42.93452071 -78.88290276 3016.503039 0
39.93177741 -89.05227733 79.544086 0
34.1733642 -79.79894625 2877.255154 0
37.25296736 -81.2153328 4955.869145 0
47.18871399 -122.29110637 3021.495074 0
32.70915376 -117.16052551 39.580234 0
37.68083672 -96.9761201 932.314212 0
35.10915146 -80.99420344 25.425887 0
42.2589321 -82.9937403 18.082407 0
34.04207961 -114.42467708 1000.868281 0
40.4187053 -86.15305703 1010.304146 0
33.08663453 -96.88361401 9.312086 0
34.5317621 -82.5786024 38.4016 0
34.9901051 -80.9291917 1917.96174 0
45.20019523 -93.2380198 2042.578751 0
43.11040148 -76.15674854 1.107755 0
19.31523801 -99.12637688 46.470865 0
38.49277045 -123.01446528 3908.259928 0
35.2722371 -80.66905065 85.275379 0
28.65093 -81.26151 1943.109708 0
35.79834041 -78.74918243 1009.807581 0
40.79272959 -74.01912439 1017.62112 0
26.16899451 -98.25627311 4986.66503 0
26.51264759 -80.08234533 7945.427945 0
41.0521675 -80.70660449 35.727384 0
34.19447252 -118.57670486 3100.790006 0
41.4755873 -81.7165352 918.702587 0
33.62518428 -91.78191634 2024.073453 0
33.98823565 -117.65694246 1932.15004 0
39.24004772 -76.63745955 6.839894 0
32.538806 -81.7782242 13.997805 0
41.93992503 -83.31789474 4005.405482 0
34.1693114 -118.3020171 7024.236182 0
33.72426452 -118.2959698 998.265894 0
38.97972444 -84.68335042 982.102622 0
41.43288915 -74.41345507 2938.820774 0
32.33218239 -96.82295191 1172.477219 0
39.55624768 -75.7477369 1874.968609 0
41.81225891 -72.23728663 2105.456231 0
35.3049832 -80.7250582 916.397957 0
38.72501375 -90.38879458 1004.207942 0
34.521779 -86.9830482 13.361218 0
19.3025083 -99.1835188 928.813608 0
33.9834524 -118.3344384 6352.257511 0
37.59424796 -84.29534598 710.013241 0
40.13048871 -87.60213711 3067.687079 0
34.5317606 -82.5785953 5.222704 0
32.03688676 -81.03966085 920.183276 0
35.6677729 -78.327674 2063.001772 0
30.14578632 -81.59726062 18.179167 0
39.10534663 -87.42302761 905.750163 0
34.64371395 -80.76615143 1999.738702 0
27.76788533 -82.65837232 8.735029 0
39.83211382 -86.27492945 1935.402652 0
34.96416097 -78.9297791 2062.610061 0
50.69404865 -119.2681439 3002.654944 0
39.73779277 -77.09949158 1954.263242 0
32.73222177 -117.14734809 995.334391 0
35.27229344 -80.66929536 1034.601138 0
25.79882041 -80.23639566 14.928145 0
30.55665923 -91.17299383 942.218168 0
28.7299154 -100.4821828 5064.934154 0
29.4451951 -96.94152198 1084.383305 0
40.06389602 -74.87633428 2065.567236 0
42.63340266 -83.17856848 853.771243 0
34.60848056 -98.35110668 5.582184 0
39.31485 -120.344479 1921.01785 0
41.81334368 -80.6652435 6054.024234 0
36.3427763 -119.7016555 135.896016 0
40.50354861 -74.65215526 1854.119888 0
43.71588963 -79.29380799 2979.493019 0
30.990659 -85.484225 1026.974842 0
35.16087136 -120.68622412 1059.373523 0
34.06802533 -118.19082607 1.266671 0
39.03488048 -92.34895916 14.994263 0
36.6936556 -86.42063948 8.758833 0
30.7106414 -91.32063699 1937.90509 0
39.36047332 -111.57511289 1992.659367 0
39.48778544 -86.02001939 3023.73159 0
40.18039377 -80.25326466 1998.869986 0
32.6104815 -117.04438996 924.735887 0
39.92274024 -75.0651973 46.841254 0
34.8684346 -79.09963558 2025.246201 0
45.58094385 -94.39552841 1954.800921 0
33.01901288 -97.03559342 5987.830623 0
33.50988898 -84.46724779 4096.19644 0
29.98966164 -95.42509178 936.879707 0
26.13205616 -81.72430285 964.444008 0
39.98663045 -74.15666493 12.580689 0
42.0364466 -91.7370112 1005.629565 0
40.80100193 -86.03486375 20.459986 0
30.44148829 -96.17284365 1936.802113 0
43.55606077 -96.67651629 2060.078218 0
41.73076272 -86.2118572 1015.588279 0
39.74343004 -122.00900148 1980.756308 0
42.72379001 -83.05516843 1019.080887 0
34.2368531 -80.6834802 4.712111 0
30.1724775 -81.7177989 19.249181 0
43.6969136 -79.263967 892.901127 0
45.53489455 -73.55152505 4023.43064 0
40.72836785 -73.26194134 2035.53977 0
42.23439128 -72.5905795 1935.054218 0
36.38287782 -89.47566032 18.488904 0
42.19167226 -72.63053569 2079.267362 0
37.13375118 -121.65233896 1035.324514 0
20.68931 -88.21338 4918.623667 0
19.48540456 -99.0592028 1964.857529 0
44.64818123 -91.68153255 2017.550202 0
39.8871694 -82.77265787 13.419431 0
40.5511257 -79.8282439 3.847828 0
36.10272319 -115.16836882 1011.356672 0
39.8992613 -75.1175258 4991.592091 0
32.8354053 -97.1300905 15.384896 0
41.58984813 -87.84541955 3985.229342 0
40.85591483 -73.41415137 1.246365 0
38.42282091 -121.34585593 2947.541107 0
43.02885389 -76.16070794 1998.163291 0
44.6230009 -93.44623083 12.761364 0
33.92247584 -117.21824048 5040.349389 0
40.72820971 -74.24989048 26.80354 0
40.62883708 -75.41634662 2021.057327 0
40.48687361 -78.72608718 1097.938892 0
39.8507602 -81.0362214 835.362917 0
40.69027795 -73.9328102 3211.626617 0
35.56748062 -81.48392267 789.772809 0
37.96420022 -87.67120089 7.968373 0
26.56537891 -81.99226757 1030.792732 0
31.83480147 -81.62327198 2940.401516 0
39.06099758 -94.5923127 15.214259 0
33.0828099 -117.2800877 987.004027 0
37.98072091 -84.48070067 20.352584 0
41.9073011 -88.45901 2059.080946 0
35.72487919 -79.80021483 7926.766639 0
39.51662119 -88.31475257 967.707425 0
20.9785715 -89.59769597 1068.219474 0
29.6571685 -95.1508609 950.083764 0
33.62406404 -84.45964817 4052.546293 0
35.10209976 -82.00979942 10994.960478 0
28.09936789 -82.63599331 162.785771 0
40.03889708 -75.03660979 774.615174 0
41.80966132 -77.07132574 33.305689 0
39.97924072 -75.25747541 1196.042573 0
39.7503223 -86.2256929 1781.029397 0
33.05006222 -96.84466443 1058.230911 0
31.3359609 -89.2985283 1987.688898 0
28.37790958 -81.49265274 13.831453 0
33.9660938 -84.20426692 10994.082051 0
32.97053577 -115.54736123 5933.627804 0
47.078133 -122.5686509 2985.319115 0
61.19500513 -149.75617085 7055.336264 0
34.2515832 -118.55395724 381.644141 0
21.03025303 -89.62558508 631.42312 0
38.58982878 -90.44661648 28.297135 0
41.13541177 -81.55001205 4974.05074 0
26.15199441 -81.74833945 1.138516 0
30.0560531 -81.5039155 1956.660428 0
40.6970603 -80.0129567 37.359389 0
42.74825402 -73.76963315 413.457692 0
38.8273919 -76.99517211 561.173443 0
37.46776491 -77.61487813 1010.094682 0
41.36856983 -81.85218352 1044.221023 0
42.5265934 -92.4678823 3946.373177 0
42.06115463 -83.38729187 47.756514 0
40.78874039 -96.74125463 937.397636 0
46.18308472 -119.12785393 47.631797 0
47.0781448 -122.5686587 941.296482 0
40.77600128 -73.92318315 39.814366 0
41.99548346 -87.65764116 22.378088 0
19.35454509 -99.05264537 2989.579759 0
40.698648 -73.793833 951.77152 0
42.5190675 -83.3345974 1006.726746 0
45.55614679 -122.88926562 53.135738 0
40.70630799 -112.01500809 935.618368 0
28.68778 -100.5596 4.697559 0
40.0381912 -76.2928689 991.786093 0
40.23429453 -86.12781937 2053.674746 0
43.64383153 -84.19176635 84.737394 0
41.91623626 -86.01384709 872.87236 0
42.81998066 -73.87440592 4034.834158 0
39.94386219 -76.74000948 945.472255 0
40.77719224 -72.83450805 187.203072 0
26.00250011 -80.15752422 842.775193 0
34.17537395 -82.1449965 1005.446925 0
35.035702 -120.486647 2990.164205 0
29.63515195 -95.23602829 1053.904302 0
42.05757021 -71.01493671 956.417442 0
40.70273684 -73.99036854 26.595193 0
42.9769647 -87.87149911 4.52575 0
34.61967321 -92.49020442 3017.647981 0
30.06329185 -95.92026989 25.657422 0
19.00461094 -98.23568044 1017.697212 0
41.66781035 -72.92982992 911.75784 0
32.67215642 -97.18957817 3962.461408 0
29.45070863 -81.20583472 61.934617 0
26.5839566 -80.1299612 4.371322 0
25.7211493 -100.2030065 2313.380074 0
35.10907904 -80.99422683 656.965257 0
41.1299266 -96.0545575 992.149161 0
33.91041584 -118.08457098 17.709625 0
40.75064193 -73.9777646 2961.691131 0
47.74253072 -122.33151854 1054.178715 0
41.0828122 -80.72799795 2065.108198 0
34.22281046 -118.87142926 3.462608 0
37.26898684 -80.08311016 952.222954 0
40.07120888 -86.03666679 963.678025 0
38.0791974 -78.90536339 2987.176652 0
35.03739474 -82.14915225 3995.900485 0
40.7017203 -73.98964271 1083.314094 0
19.40119225 -99.26971436 2006.289418 0
26.0468229 -80.3087862 2906.116104 0
28.02212454 -81.73051734 2984.988691 0
41.15609583 -85.37555004 36.829548 0
31.33442779 -89.33609242 1944.839269 0
36.02761816 -86.54799 1007.70043 0
47.6067 -122.334 3012.858969 0
40.7912557 -73.8444909 51.426884 0
45.53134817 -122.66667874 5362.401543 0
40.61544056 -73.97824946 781.655924 0
34.56862419 -118.09153383 849.42404 0
37.69687698 -97.16027138 39.509834 0
29.7077616 -95.6737074 915.568742 0
31.55876838 -91.41110844 3059.828067 0
39.1875562 -74.72289225 9118.005159 0
43.06833572 -76.14750532 21.304653 0
38.25216373 -85.65657734 2812.497188 0
29.8934278 -97.96281145 36.345722 0
39.82850583 -75.44907584 946.286622 0
40.522156 -80.209779 3.910531 0
44.9542409 -93.13051342 18.672688 0
42.45236068 -96.34605699 4008.778798 0
31.330407 -94.7618009 2016.669775 0
25.4256855 -101.0049743 4.500742 0
42.47090082 -82.90441956 15.790609 0
33.4444584 -112.30926 3991.242712 0
40.87476354 -74.12916457 1988.138417 0
46.83342389 -96.80247625 6014.528564 0
26.28682674 -77.03406143 939.700241 0
39.92830065 -75.1809328 3044.249107 0
45.08271971 -93.48698796 2003.018585 0
40.68406735 -75.12654572 2067.055523 0
40.7701084 -74.0646872 1061.069992 0
33.99621632 -81.02456082 963.056616 0
33.4998535 -112.51073529 907.33372 0
37.71106997 -121.44180085 1084.321512 0
40.07186221 -80.77929874 2975.692125 0
43.7748338 -79.31433413 1895.277888 0
40.1840438 -85.3785488 1077.953674 0
41.4755873 -81.7165352 1952.118625 0
20.902392 -156.68422 16.629457 0
19.84947229 -90.51283241 2017.316367 0
33.98663727 -83.40971765 6988.498716 0
40.72740456 -74.07982045 1005.983339 0
41.2264974 -80.7882017 1049.197313 0
25.87490211 -80.17271382 10.137337 0
37.7731062 -122.4133518 929.350215 0
41.06792601 -81.51259943 1002.951088 0
38.0700891 -78.903219 1024.085352 0
41.440625 -81.7731405 1928.817826 0
41.5463571 -88.05434298 5039.382357 0
39.55277137 -76.96706023 1982.130969 0
37.5065169 -83.731587 19.773329 0
38.35724955 -87.55064678 2076.017615 0
32.806198 -97.376954 1311.212727 0
40.65841225 -75.33948717 5612.500898 0
34.04206 -118.28308 1990.746381 0
19.301011 -99.16691 3013.480938 0
26.548933 -80.0933032 365.958583 0
25.1836884 -99.848151 1628.191874 0
39.0089847 -94.2897337 2018.382828 0
34.89931634 -86.63761044 1939.16616 0
47.06837174 -122.33266544 5035.098832 0
41.72453471 -71.6255483 24.15002 0
26.22106787 -98.31152512 3988.10553 0
30.69054406 -92.29416555 978.062825 0
41.38710322 -75.71596253 1031.561048 0
29.12038098 -82.0404896 1931.856623 0
34.08393896 -98.57998129 6005.498538 0
40.6241011 -73.8920342 1062.525773 0
38.28330295 -90.22236633 2149.084424 0
37.06436463 -76.52629559 3796.103193 0
39.29480219 -76.52038672 179.450554 0
37.7461481 -122.1568979 344.737744 0
40.9066404 -73.90544509 508.044889 0
32.62312478 -96.94206839 997.398706 0
32.68793257 -117.10082808 997.36971 0
40.8222507 -96.6849853 1003.692312 0
40.6943652 -74.22978456 2998.562106 0
42.7238432 -71.1836581 1995.784625 0
40.58221491 -74.29344416 4.794684 0
41.09294096 -88.43342734 3945.430288 0
42.33734202 -71.09192056 187.32094 0
39.82928046 -90.1810497 883.082517 0
37.79529828 -82.03213138 7.679235 0
43.1176739 -123.4020639 1927.872541 0
35.021833 -77.8889729 49.044845 0
41.61254019 -83.56535608 1059.034721 0
39.1053378 -108.48679855 977.56997 0
42.1890316 -83.1902628 3968.950124 0
41.56864467 -87.28446023 4.68499 0
30.4224698 -84.2433776 990.751215 0
41.51511358 -74.01310874 4200.280861 0
37.1373218 -80.5489922 2744.830626 0
41.74998159 -88.18827644 5029.557966 0
40.2840248 -76.79053657 13.914807 0
33.83767052 -79.19572654 8034.592894 0
43.94211008 -78.89706627 10050.684619 0
40.53696662 -74.58669886 54.079727 0
26.27223993 -80.21445967 3.542883 0
42.68725848 -73.82002522 1888.077835 0
35.16339643 -84.87126178 14.62483 0
34.77498817 -82.46329391 912.362975 0
32.6433526 -85.51545567 3180.824666 0
39.87499859 -82.96103806 1881.835187 0
28.52508562 -81.14049436 2999.799174 0
40.87481731 -84.53887668 10999.220485 0
32.9615033 -96.6395492 51.021661 0
46.88399098 -96.79848171 886.759195 0
41.19910275 -81.81961463 2011.086883 0
19.30420132 -99.70670672 5009.358002 0
40.04789168 -87.83292289 1005.589006 0
32.80016583 -96.97659153 1994.481536 0
47.53869089 -122.27293348 1007.888456 0
42.41775959 -83.28646703 3021.126292 0
42.1266606 -72.5823757 3970.14023 0
29.620213 -95.2435813 22.651793 0
37.97342924 -87.5324541 1.883285 0
40.1116242 -82.403573 1985.509178 0
41.82701738 -71.41871044 5013.051281 0
44.5300284 -71.99853184 2987.817485 0
36.88102007 -76.29954136 1019.077841 0
39.9811504 -82.9259749 2011.193778 0
33.9505574 -117.99784997 1076.230673 0
30.8848779 -87.7668729 909.58629 0
51.06779099 -113.93743134 1040.248151 0
40.87037934 -86.54701442 955.316661 0
32.86159546 -97.07990259 3293.915101 0
49.6578106 -112.8698559 23.374321 0
32.7961001 -85.6545176 1.132558 0
28.45234722 -82.6046558 697.967402 0
39.90332883 -75.28751551 1928.490667 0
25.46528487 -80.44515769 2055.315149 0
34.12266082 -114.30256672 1964.895835 0
39.59020834 -75.94684683 7054.098304 0
29.33207189 -98.51038331 1931.233057 0
45.52939045 -73.45712202 59.31355 0
40.69788539 -73.29334499 2007.104215 0
34.04228515 -81.07846993 1151.936934 0
41.73035502 -87.69508122 1790.107145 0
33.16073457 -86.26679653 47.980263 0
32.6433315 -96.9340438 996.044026 0
25.91733553 -80.21938937 991.749756 0
42.71287163 -73.81210503 2.877128 0
34.42055125 -83.61219269 13.96226 0
30.4456254 -87.2807224 2008.08311 0
39.706417 -104.98716 2915.870264 0
41.24865239 -85.84864126 1081.813519 0
38.79683831 -90.50640484 8.249962 0
33.9505574 -117.99784997 1.045049 0
32.81625837 -97.07175876 1995.678641 0
39.13167178 -119.7678616 4009.201748 0
25.77713446 -80.33378047 360.420441 0
26.64558446 -80.14657962 576.862767 0
40.86576812 -81.49582464 46.588735 0
29.39106428 -98.63359457 1.802546 0
40.83380092 -73.96901784 1959.750756 0
32.37742332 -111.08236681 971.725003 0
33.61235466 -117.57573481 1032.155871 0
33.5217305 -82.0985433 1028.489767 0
38.73341803 -90.09587053 2929.142125 0
19.4459916 -99.2098481 2060.154237 0
26.27411718 -98.21222929 3069.299083 0
40.3854581 -87.6707823 65.945367 0
40.67258629 -74.37514264 2939.404522 0
37.43419226 -79.12051852 938.650711 0
33.84808847 -84.05549308 4038.617724 0
42.52999131 -88.24601481 3881.944638 0
43.00883184 -78.7857437 4009.639831 0
41.35050993 -72.89449247 1050.293155 0
39.76014992 -75.69070031 31.700525 0
42.9969424 -87.96493292 4931.64346 0
35.31870562 -97.74032892 2007.533619 0
33.58682956 -101.86357996 4405.124698 0
33.9769591 -118.3891188 701.24397 0
37.85822548 -85.96256108 930.716126 0
40.67201037 -73.54942471 2003.143705 0
40.01231918 -83.00883327 1037.448901 0
36.1677939 -86.59460226 1964.921088 0
38.6735007 -89.8760466 997.040263 0
44.73377227 -93.43162551 3980.52614 0
40.74793967 -96.70408975 1008.264116 0
30.30807805 -81.51594797 3224.246321 0
20.9751502 -89.5791979 1848.921131 0
